"Bcells" "CAFs" "CD4_Tcells" "CD8_Tcells" "Endothelial" "Macrophages" "NKcells" "otherCells"
"GTEX.11ZU8.0011.R4a.SM.5BC6Y" 0.610278232169504 0.00310671520957989 2.0710573579302e-08 9.09478653462859e-08 0.0285636034578835 0.000601070429719016 0.280596015325981 0.0768542517488928
"GTEX.11ZVC.0011.R4a.SM.5BC6Z" 0.47222331481446 0.00430731665570166 1.94487622765872e-08 8.64728469386325e-10 0.0978741501244456 0.00147385481384259 0.23841426633322 0.185707076944839
"GTEX.12WSA.0011.R4a.SM.57WB7" 0.355384556221168 0.004537060892404 9.96565235683019e-08 4.19242564200704e-06 0.115050574230932 0.00134788549850057 0.272849552517839 0.250826078556991
"GTEX.12WSD.0011.R4b.SM.5LZUA" 0.7164031938262 0.00610844250683245 1.44962494162914e-06 0.0265448968626724 0.0601816051933162 0.000859841553675743 0.189899833966717 7.36465644858555e-07
"GTEX.12WSF.0011.R4b.SM.5HL88" 0.770692706637549 0.00573462417924627 2.506842598169e-05 4.14460371139849e-05 0.0791930885194742 0.00332326123235884 0.140977335717853 1.24692504227561e-05
"GTEX.12WSH.0011.R4a.SM.5GU6K" 0.831837189322599 0.00174875375240072 3.97746493445697e-08 4.16918183581319e-09 0.00875989546009657 0.00156404126651689 0.156089565915351 5.10339204779742e-07
"GTEX.12ZZW.0011.R4a.SM.5DUX9" 0.533966434353632 0.00326184731941715 2.26755494214638e-08 1.91701651533932e-07 0.0828512559662246 0.000250611367524942 0.253716633347418 0.125953003268582
"GTEX.12ZZZ.0011.R4b.SM.5DUV7" 0.399112905434233 0.00450159936012136 1.03289933729178e-06 4.05363696886183e-07 0.142453674844804 0.000540612017771589 0.236590667338298 0.216799102741739
"GTEX.13112.0011.R4b.SM.5DUXL" 0.698133548757567 0.00546905937519651 1.04166688444456e-07 1.01750209492483e-07 0.116677582537388 0.000503453510562373 0.179215884169833 2.65732555131422e-07
"GTEX.1313W.0011.R4b.SM.5KLZV" 0.70896131624807 0.00548211958583858 5.12975220861027e-05 2.07761454137017e-05 0.0561654477431397 0.00120951120065335 0.228103106773893 6.42478090547551e-06
"GTEX.131XH.0011.R4b.SM.5DUWB" 0.498995523850491 0.00498661308695901 7.67949839760444e-07 0.256556984835717 0.0414868682550681 1.52987609385498e-06 0.19797153165819 1.8048764222067e-07
"GTEX.131YS.0011.R4a.SM.5DUVL" 0.688285915254691 0.00587537507131067 1.60678620185171e-07 1.32205150174175e-07 0.0429703131612997 0.00158523911189879 0.261255806164377 2.70583526524618e-05
"GTEX.1399T.0011.R4b.SM.5DUVX" 0.410927978420626 0.0052578750098693 0.000950805855666406 0.1799920342599 0.075127269707682 0.00209883411432243 0.325645114843136 8.77887970717628e-08
"GTEX.139T8.0011.R4a.SM.5HL54" 0.502566625285023 0.0041809458489289 1.8095403334276e-07 7.25826989219241e-07 0.152679773548361 0.00239750074693782 0.218046290561106 0.120127957228621
"GTEX.13CZV.0011.R4b.SM.5J2NY" 0.606128210378996 0.00598100807135067 7.38075741136688e-08 3.13341393703502e-07 0.127101789286894 0.00281234304580482 0.257976246465006 1.56029801997167e-08
"GTEX.13FLV.0011.R4a.SM.5LZYU" 0.493889463607721 0.00464629836531765 2.9230043029468e-07 2.00202769978692e-07 0.0533452531949355 0.00133123942739245 0.220527675691162 0.226259577210272
"GTEX.13JVG.0011.R4a.SM.5MR4C" 0.392542621784698 0.00439377374743032 2.67107510952542e-07 0.0158166836841634 0.176242077365916 0.000423610873619996 0.185127038574918 0.225453926861743
"GTEX.13N1W.0011.R4a.SM.5MR52" 0.694916001854386 0.00805507670233986 1.56744922548829e-05 1.66721431215444e-06 0.0711429904744392 0.00543496850870822 0.220433171981139 4.48772421366048e-07
"GTEX.13N2G.0011.R4b.SM.5MR54" 0.594242931141611 0.00645144260601819 0.130894307284389 0.000621400363598008 0.114954308048311 0.0082884661430444 0.144547128461178 1.59518496581043e-08
"GTEX.13NYS.0011.R4b.SM.5MR3O" 0.311274357756187 0.00402059088101664 2.37820401826816e-07 0.000234587637275494 0.14736890710156 0.00457178831739707 0.176734501522965 0.355795028963197
"GTEX.13O3O.0011.R4b.SM.5KM3F" 0.750693895247039 0.00534350173300392 8.51147975268053e-06 0.000373258096888477 0.0394884666341526 0.00195893530392215 0.202130586535175 2.84497006662099e-06
"GTEX.13O3Q.0011.R4a.SM.5P9H2" 0.238868135650259 0.00527321607835222 1.41599342689802e-06 0.402742128929016 0.0356831517530783 5.30036333157573e-05 0.317378896633989 5.13285626273831e-08
"GTEX.13OVH.0011.R4a.SM.5KM3W" 0.263518221565696 0.0056183176967818 0.00653020446450006 0.329874229051388 0.156916239579768 0.00200594895092623 0.23553678046538 5.82255597387806e-08
"GTEX.13OVJ.0011.R4b.SM.5P9H5" 0.461197449560597 0.00597892362077131 7.63472177136039e-08 7.23916969486056e-07 0.206335376436093 0.00323359649686621 0.219511456998328 0.103742396623156
"GTEX.13OVL.0011.R4b.SM.5L3HV" 0.47168036334661 0.00625038603245493 6.95748547842683e-07 0.0015510213145031 0.118703840609876 0.000988767092161437 0.199061502063545 0.201763423792301
"GTEX.13OW5.0011.R4b.SM.5L3HS" 0.6888214648973 0.00592306827226987 3.84094338252728e-07 2.07746617397971e-06 0.101380413314853 0.0044481278077097 0.199424248335584 2.15811771613543e-07
"GTEX.13OW6.0011.R4a.SM.5O9DX" 0.509333882200713 0.00500052168132692 4.6687604547501e-07 0.00157420494900306 0.149571351696018 0.00035852223325556 0.2112082193324 0.122952831031237
"GTEX.13OW7.0011.R4b.SM.5O9CX" 0.592652921366768 0.00656057959083577 3.31980557208538e-08 3.38671203961077e-05 0.0919537502654762 0.00226185961210787 0.21677865470906 0.0897583341373004
"GTEX.13PVQ.0011.R4a.SM.5O9CT" 0.682189598614797 0.0058108491328369 2.66376944441006e-07 0.0102714139175017 0.119301715732307 0.00251512792291662 0.179906444459028 4.58384366835894e-06
"GTEX.13QIC.0011.R4a.SM.5PNX8" 0.787714309340525 0.00722455173173256 1.66780610926877e-06 9.84785628570888e-07 0.12495965585527 0.00270805651924947 0.0773906916368904 8.23245942579278e-08
"GTEX.13RTJ.0011.R4b.SM.5PNX1" 0.591009810588015 0.00470004449612843 0.00200730458633557 0.00178153024349166 0.155926281875238 0.0033179685612185 0.241254888440242 2.17120933074941e-06
"GTEX.13SLW.0011.R4b.SM.5S2W2" 0.558676671035481 0.0052273531754267 5.92255101236818e-08 0.00609186789757091 0.185407321657773 0.00758292865964917 0.215698549195986 0.0213152491526027
"GTEX.13SLX.0011.R4a.SM.5O9BJ" 0.584180503453554 0.00457692041761264 9.85638601013526e-08 4.75708975845473e-06 0.0690070647832488 0.00107641268182892 0.225755414330413 0.115398828679725
"GTEX.13VXU.0011.R4b.SM.5O9CI" 0.695321104516563 0.00525353263582717 4.59146919354619e-06 4.15530043467463e-06 0.0264984742865142 0.00166141366244389 0.271256705571375 2.25576480205915e-08
"GTEX.13X6I.0011.R4b.SM.5PNU9" 0.43739687101807 0.00312915850286721 6.78078873914803e-06 0.0271733287278025 0.288335616583355 0.00291110165218368 0.24104712822023 1.45067513402117e-08
"GTEX.13X6J.0011.R4b.SM.5P9K4" 0.747880874898483 0.00413071311840258 5.69094783598623e-06 0.00020356533227256 0.0451623782255078 0.000984666375497818 0.201631484399697 6.26702303003325e-07
"GTEX.13X6K.0011.R4b.SM.5P9HO" 0.588853036187337 0.00535107538856539 6.66180533619899e-08 0.0796066865627674 0.105835394647156 0.00293420266666279 0.217418988901183 5.49028275703646e-07
"GTEX.1445S.0011.R4a.SM.5PNWN" 0.539546257448557 0.00389739917376322 3.41061239129348e-08 0.0496764865875519 0.165167070445897 0.0082084249492788 0.233478226305213 2.6100983615895e-05
"GTEX.144GL.0011.R4a.SM.5PNUI" 0.419375598800381 0.00689550225063882 0.0016982812763322 0.0546895092644953 0.177611405508606 7.71039759407798e-05 0.339652564701476 3.42221292340994e-08
"GTEX.145LS.0011.R4b.SM.5S2UT" 0.729563230071155 0.00664983350173949 5.57396463754727e-05 0.0249507294018458 0.093759873791963 0.00205399484586935 0.142966520731902 7.80091493724221e-08
"GTEX.147GR.0011.R4a.SM.5S2V2" 0.672475244178735 0.00239107758361833 0.000305652776764743 0.0003064300578474 0.015148174015641 0.00578608674019945 0.303535142061422 5.21925857714043e-05
"GTEX.14ABY.0011.R4b.SM.5S2VN" 0.718751634913663 0.00583943096055237 6.58340807518861e-06 6.54656455611967e-06 0.056355748674781 0.00101594778738723 0.218023031781489 1.07590949663538e-06
"GTEX.14BIM.0011.R4b.SM.5S2RK" 0.216239710719685 0.00942468714084842 0.113742367313491 0.00027728241238515 0.103808000311837 0.00530983348452622 0.551197981580933 1.37036294668738e-07
"GTEX.N7MS.0011.R4a.SM.2HMKW" 0.559389425445039 0.00248207170686531 1.36332430609095e-05 0.000100799676073975 0.0960702421559312 0.000965907334398818 0.162397609986455 0.178580310452176
"GTEX.N7MT.0011.R4a.SM.2I3G9" 0.611751632403311 0.00396849670546526 0.00010360484534459 0.00084311268711999 0.128710860282211 0.00720143323061025 0.247420830151709 2.96942290245686e-08
"GTEX.NL3H.0011.R4a.SM.2I3GK" 0.695684157378518 0.0049060971797621 8.13320610791735e-05 0.000150720671458165 0.0839133406372324 0.000645097605963543 0.214619251320549 3.14543829620102e-09
"GTEX.NL4W.0011.R4a.SM.2I5GZ" 0.678911406574235 0.00326226467461146 1.39282143310447e-07 0.000366546142545913 0.103317576084064 0.00536971800832915 0.208772269103461 8.01306094820863e-08
"GTEX.NPJ7.0011.R4a.SM.2I3GJ" 0.622877818768876 0.00494374443296483 0.000604647580450082 5.77278980595373e-05 0.204930144896689 0.00406388960231243 0.162521944918688 8.19019605724874e-08
"GTEX.NPJ8.0011.R4a.SM.2HML3" 0.470856468000861 0.00467824944782493 0.000812663548395114 0.0145856206662805 0.290904767994067 0.0025494465509009 0.21561269182792 9.19637498504551e-08
"GTEX.OHPN.0011.R4A.SM.2I5FD" 0.442278536209029 0.00433303610725853 0.00013658092697296 0.000186228212967263 0.254891740112833 0.0101683832519954 0.2879693324525 3.61627264436257e-05
"GTEX.P44H.0011.R4A.SM.2XCEW" 0.742043563572883 0.00364932988877846 0.0011211630139432 2.95267916038158e-06 0.0345069556620593 0.000302021929047574 0.21837318103587 8.32218258239774e-07
"GTEX.Q2AG.0011.R4A.SM.2HMKA" 0.406035379996456 0.00411699467895038 8.38778108066699e-08 0.398719773465326 0.000325848927604133 1.04761868326343e-07 0.190801807437659 6.85432585155065e-09
"GTEX.QDT8.0011.R4A.SM.32PKM" 0.724176767250267 0.00419290360090962 0.00182187905212835 3.68414333804354e-07 0.0996911315665281 0.000155018364042715 0.169961914161913 1.75898769958291e-08
"GTEX.QMR6.0011.R4A.SM.32PKU" 0.694438344428571 0.00334232429944679 2.20805956335112e-07 0.00236769604682183 0.168928810304667 0.000402578241491891 0.130519981105331 4.4767713734814e-08
"GTEX.QVJO.0011.R4A.SM.2S1QL" 0.527578970221843 0.00452449067535495 2.56773472268543e-05 4.28124177697974e-05 0.0753078288941511 0.00291614940651742 0.389596090663863 7.98037327398915e-06
"GTEX.QVUS.0011.R4A.SM.3GAE7" 0.671450898067529 0.0044357807970787 2.38233910343554e-07 9.77246168681096e-05 0.106813472693908 0.00233428053345993 0.214867515609126 8.94481200635647e-08
"GTEX.R55E.0011.R4A.SM.2TC5H" 0.790482958838806 0.00366305570941072 0.000153671955831672 0.000541152532955811 0.00567280727887347 0.000927552494558683 0.198551932334467 6.86885509639728e-06
"GTEX.RNOR.0011.R4A.SM.3GAD3" 0.711707407308698 0.00255367974010033 1.80373933276645e-09 1.44080899371045e-07 0.0599003150997086 0.00193046622516812 0.223907983809092 1.9325944732021e-09
"GTEX.S7SE.0011.R4A.SM.2XCDB" 0.456055123992822 0.00482225705834134 0.081418197427513 0.000188808026286298 0.0290292366692256 2.7252302772862e-06 0.428483649801407 1.79412712942471e-09
"GTEX.T5JC.0011.R4A.SM.32PLT" 0.625709882769024 0.00503697157908521 3.10643671280508e-07 0.00989125310738426 0.0844515405253278 0.00962499311461891 0.265285017498802 3.07620871940461e-08
"GTEX.T6MN.0011.R4A.SM.32QPG" 0.407359470853409 0.00516380088064137 0.0321646428994024 0.00111091124270723 0.0865860389963383 0.0014804174330771 0.466134717024132 6.70291955456837e-10
"GTEX.TSE9.0011.R4A.SM.3DB7H" 0.792922214798619 0.00520419650478393 4.37699075162907e-05 0.000892521226835149 0.0653651753527606 0.00054518084820535 0.135025262644939 1.67871634118386e-06
"GTEX.UTHO.0011.R4A.SM.3GIJP" 0.572680813716632 0.00434500018580008 1.47718650643877e-06 0.0356969076309611 0.180250224486628 0.000435810379703299 0.20658973352211 3.28916594867795e-08
"GTEX.WHSE.0011.R4A.SM.3P5ZN" 0.682850600011051 0.0047835517107337 4.05476873391932e-08 0.0186286770874097 0.0590828026436566 0.00533530443241778 0.152026402535002 0.0772926210320422
"GTEX.WVLH.0011.R4A.SM.3MJFS" 0.731987063374909 0.00416381678643783 4.72948614707584e-06 1.30725918927182e-06 0.0383825150922969 0.000726617034456291 0.224733922809 2.81575632608597e-08
"GTEX.WZTO.0011.R4A.SM.3NMC7" 0.469903197887454 0.00694550272151914 0.0496058489883876 0.0726105643896922 0.0459344291051093 6.29316022739741e-06 0.354994154711784 9.03582635691467e-09
"GTEX.X4XX.0011.R4B.SM.46MWL" 0.650139281543479 0.00524223507017886 0.000311268685333421 4.87587178514538e-07 0.129233057105322 0.00183644996745282 0.213237207414425 1.26266301492432e-08
"GTEX.X585.0011.R4B.SM.46MVH" 0.478456666231955 0.00402267591846989 4.98780822041132e-06 0.105711781004631 0.191840378075923 0.0158133428512413 0.204148904481618 1.26362794062442e-06
"GTEX.XLM4.0011.R4B.SM.4AT5C" 0.283737124827802 0.00539330557537658 0.000623638056197558 0.383835222401014 0.0550776818531015 2.42771813806249e-05 0.271277589483357 3.11606217700449e-05
"GTEX.YFC4.0011.R4a.SM.4RGLQ" 0.441976655836482 0.00630250186021164 0.153816950777084 1.56961285530636e-05 0.0721575216508265 0.00136935353568652 0.324350144380226 1.1175830930266e-05
"GTEX.ZAB4.0011.R4a.SM.4SOKB" 0.493812733299163 0.00327859823779761 2.15552967865106e-06 0.00548693339653993 0.158746430986318 3.28805433987713e-05 0.33864026787821 1.288937464501e-10
"GTEX.ZVZQ.0011.R4b.SM.57WCZ" 0.456164531621219 0.00525776440625783 1.47170377571574e-06 0.177423772497243 0.0458101721729564 0.000686984540138144 0.314655300921268 2.13714224535995e-09
"GTEX.11GSO.0011.R3b.SM.57WB2" 0.769921262380132 0.00512870377691838 2.05996067942807e-06 0.00222186674305516 0.0132951391161068 5.59454163701766e-07 0.209429952438508 4.56130436787363e-07
"GTEX.11UD1.0011.R3a.SM.5BC6S" 0.661603658702917 0.00353178691863552 1.89404571461921e-05 8.97167167073046e-06 0.0506192992232437 8.05453587795551e-05 0.284136795285247 2.38236040218774e-09
"GTEX.11ZTS.0011.R3a.SM.5BC78" 0.737795564268708 0.00567722440818547 2.39662224793623e-06 1.15671304551943e-06 0.0440148799145028 0.000229465897747372 0.212275239497969 4.07267759428046e-06
"GTEX.11ZVC.0011.R3a.SM.5BC6V" 0.586502815560645 0.00393276399836993 1.78712225973465e-08 4.05492900149855e-08 0.114530787684446 0.000199143382290416 0.29483442240689 8.54684658179764e-09
"GTEX.12WSC.0011.R3a.SM.5P9F1" 0.234223865626738 0.00454482181602875 0.106357581457316 0.315199238621622 0.000478819704807194 6.17211951907354e-06 0.33918829662256 1.20403140911808e-06
"GTEX.12WSD.0011.R3b.SM.5LZWN" 0.140251458230621 0.00867581839916541 0.264227694243624 0.0543513050570025 0.117235224101239 4.22906268227342e-08 0.415258445267078 1.24106433423472e-08
"GTEX.12WSF.0011.R3a.SM.5DUW7" 0.653827950072357 0.00406729519372268 3.29982848277153e-08 0.000126400905591033 0.0608823888347514 0.00186124225176276 0.27923414726815 5.42475379750655e-07
"GTEX.12WSM.0011.R3b.SM.5LZWI" 0.373034491452138 0.00682209710588044 0.00603903718397064 0.272805824737569 0.0313873815575378 5.31170429534098e-07 0.309910195741523 4.41050952019552e-07
"GTEX.12ZZW.0011.R3a.SM.5DUWW" 0.570173547921306 0.00652283060598663 0.00332876677080592 0.0333933305930086 0.184955417341526 1.09792992307891e-08 0.201620790332978 5.30545509018238e-06
"GTEX.12ZZX.0011.R3b.SM.5EGLH" 0.730501652441488 0.00548724667433582 2.69758724242821e-09 6.83984995418379e-07 0.0432849541364419 6.60467236243927e-06 0.220718842593282 1.2799507546739e-08
"GTEX.12ZZZ.0011.R3b.SM.5DUXK" 0.66678285691618 0.00379323780346451 1.39225172333001e-06 0.00209253060288564 0.0528202248835387 0.000322166226390774 0.274187531359307 5.9956509248327e-08
"GTEX.13112.0011.R3b.SM.5HL9L" 0.690365483823262 0.00547683708847731 0.0011784901929273 3.333893301529e-07 0.0383445982266032 0.000191042000556624 0.264443063906927 1.5137191614481e-07
"GTEX.1313W.0011.R3a.SM.5EGLI" 0.661859274066372 0.00309140956584405 0.0084088537421238 2.23348942596148e-06 0.03329592643959 3.93722830512565e-07 0.293341907151786 1.82202796747918e-09
"GTEX.131XH.0011.R3b.SM.5DUWM" 0.458309992909051 0.0055410598128659 0.206503301359467 0.000222385499509136 2.71473733751775e-06 6.89031340873874e-08 0.329420462466482 1.43121543789423e-08
"GTEX.131YS.0011.R3b.SM.5DUXB" 0.309961025972723 0.0063917253207922 0.261310238517875 1.00352292173437e-06 0.00612267133015271 0.000452224543294818 0.415761103727546 7.06469439576836e-09
"GTEX.139T8.0011.R3b.SM.5HL4R" 0.645249957371148 0.00360196492644078 0.000372574097441014 5.17425242179676e-07 0.201875921175412 4.00825214730098e-09 0.148899009588519 5.14075448708304e-08
"GTEX.139TT.0011.R3b.SM.5K7VL" 0.739030144054732 0.0028052771991769 3.26487937519224e-07 2.14391659279709e-06 1.99274783635688e-07 0.00143922525780262 0.256721812208831 8.71600143265175e-07
"GTEX.13CF2.0011.R3b.SM.5LZZ6" 0.716090944535743 0.00543009883495636 6.63608896216489e-07 0.00110602376080297 0.0405351408087247 3.41686663615424e-09 0.236837123791997 1.24201240774163e-09
"GTEX.13CIG.0011.R3b.SM.5K7XF" 0.696699992899197 0.00447614741253209 2.20948114348507e-07 3.21227407745093e-09 0.0626861788898068 0.00243983476973536 0.233696816838951 8.050293896835e-07
"GTEX.13CZV.0011.R3a.SM.5KM27" 0.544836342992011 0.00608497605271792 8.69111210424963e-07 0.0042866602308092 0.0456432221662996 0.000887398082977379 0.398260524036466 7.32750894522247e-09
"GTEX.13FHO.0011.R3b.SM.5K7YA" 0.637293935256355 0.0037976342167071 3.20215767447786e-07 3.10633421838557e-07 0.144131674929826 0.000699172168491945 0.214076952567452 1.19786910651693e-11
"GTEX.13FLV.0011.R3b.SM.5LZYP" 0.768740159567394 0.00693174819138812 5.20653772151126e-05 2.26556353963073e-06 0.0576498505559023 6.20702388857807e-08 0.166623844702859 3.97146260276695e-09
"GTEX.13IVO.0011.R3b.SM.5IJBJ" 0.381357460709301 0.00513555089865064 2.33826037645609e-08 0.132977099369855 0.145456352843487 0.00139606385037322 0.222597752376821 0.111079696568908
"GTEX.13JVG.0011.R3b.SM.5LZXF" 0.711583097177201 0.0062660254275967 1.66215028760173e-06 7.22037336763691e-06 0.0954484954623967 0.00077337135926854 0.185920116762457 1.12874239999137e-08
"GTEX.13N1W.0011.R3a.SM.5MR5E" 0.898500614793514 0.00824191796017201 1.99111538301911e-05 3.27186916419343e-07 5.15467638890658e-06 0.000136847333327308 0.0930951909136167 3.59822342148249e-08
"GTEX.13N2G.0011.R3b.SM.5MR5G" 0.734991378691875 0.00435644802496506 1.19056400119328e-07 4.93371594839586e-08 0.116996855365944 0.00653794059086093 0.137117114316715 9.4616080028972e-08
"GTEX.13NYS.0011.R3b.SM.5MR41" 0.704135532806684 0.00355391092900402 0.000111700359554219 0.000102813504649967 0.119686438255132 0.00152887656576077 0.170861313742098 1.9413837117103e-05
"GTEX.13O3O.0011.R3b.SM.5KM3R" 0.53695565417632 0.00595573943329005 0.155397956811323 6.96122488118966e-06 1.15853909608131e-05 9.61958980156996e-05 0.30157588835878 1.87064299164428e-08
"GTEX.13O3Q.0011.R3a.SM.5P9H3" 0.699619617061936 0.00558953628524718 2.1841898536169e-07 1.75228698099843e-06 0.0230962329412405 5.74064509789614e-06 0.271686898411068 3.9494437079934e-09
"GTEX.13OVH.0011.R3a.SM.5KM49" 0.511082875307341 0.0070787251343369 0.00446840553653684 0.000325604500428104 0.078515014022458 0.00139554495311178 0.397133829218235 1.32755270040335e-09
"GTEX.13OVL.0011.R3b.SM.5L3I8" 0.696680225128221 0.00638916856234678 6.75638132097579e-07 0.000386345261336999 0.0734949478810471 1.15092569325375e-05 0.223035636879152 1.49139283149109e-06
"GTEX.13OW5.0011.R3a.SM.5L3I5" 0.679121101589008 0.00750285568629816 0.000130829274414707 0.00284814623722209 0.0987607155742271 0.00145002440117156 0.210186323275806 3.96185293826605e-09
"GTEX.13OW7.0011.R3a.SM.5O9DA" 0.29553744604571 0.00756938023761132 0.0208441201173981 0.131005461011243 0.112012860403082 5.54630471668961e-05 0.432935618506639 3.96506311499562e-05
"GTEX.13OW8.0011.R3a.SM.5L3I4" 0.52795771686028 0.00784504932693767 0.100420398746275 0.0534223694120012 0.0929022395597832 0.000146391399086718 0.217305806985576 2.77100604265326e-08
"GTEX.13PLJ.0011.R3a.SM.5O9DT" 0.585463184080783 0.00551193984016779 6.86480152567679e-08 6.41303221727793e-07 0.142512219391888 0.000975798138240415 0.216810132671136 0.0487260159265486
"GTEX.13PVQ.0011.R3b.SM.5O9D6" 0.7219917001322 0.00837233517718977 6.31034643965975e-06 6.69803102918868e-05 0.114277000475539 0.00124957845293823 0.153990885394434 4.52097109671987e-05
"GTEX.13QIC.0011.R3a.SM.5P9HT" 0.737728938888948 0.00669322166085136 1.41793842989342e-06 4.19247541314206e-06 0.0732053746140489 0.000588314456776281 0.181778537306143 2.65938965678719e-09
"GTEX.13RTJ.0011.R3a.SM.5PNX7" 0.539584630364538 0.00731825764654683 0.000885722037695696 2.17227346649582e-06 0.159742333145981 0.000115108945718297 0.292351692590597 8.29954564615822e-08
"GTEX.13RTL.0011.R3a.SM.5P9JP" 0.624950356309568 0.00685385750213628 1.38567190398514e-07 3.59764307268882e-06 0.161218934254566 0.00081423230099372 0.175507458066736 0.0306514253557366
"GTEX.13S7M.0011.R3a.SM.5PNX2" 0.307776661856478 0.0073698683650275 6.43570385306155e-07 0.281493827931707 0.0349726015586053 1.56448291316072e-07 0.368386234550073 5.71943299190574e-09
"GTEX.13SLW.0011.R3b.SM.5SI6Y" 0.357076577504985 0.0056720581079777 2.07365797053436e-06 0.24911268086733 0.10538555277873 7.67186459027109e-05 0.282674327322165 1.11149390060171e-08
"GTEX.13VXU.0011.R3b.SM.5O9CU" 0.688807459965028 0.0044339392684603 0.0465878073413788 7.64652282560087e-06 0.0207415290511089 2.84252612340351e-06 0.239414526499328 4.24882574639273e-06
"GTEX.13X6I.0011.R3b.SM.5P9HM" 0.220949824908389 0.00420779469309236 9.58070787600824e-05 0.397255098522416 0.174207397424308 0.00153352396065827 0.201738489841485 1.20635708912853e-05
"GTEX.13X6J.0011.R3b.SM.5P9K5" 0.721602478603851 0.00585632128072919 0.0496850541580232 2.61919250635283e-08 0.0194339064263382 7.81897904205706e-09 0.203421741023078 4.64497076699942e-07
"GTEX.13X6K.0011.R3b.SM.5PNUD" 0.91240053634313 0.00473338857569995 0.00247148695131565 3.03368582140507e-05 0.0511601687490856 0.000378857925213548 0.0288030839787922 2.21406185490684e-05
"GTEX.1445S.0011.R3a.SM.5P9HY" 0.452976900432526 0.0045009226238099 1.32874639162454e-06 4.04566520644888e-07 0.116680495809016 0.00543543283907434 0.267609971747594 0.152794543235068
"GTEX.144GL.0011.R3a.SM.5P9HP" 0.722944498690193 0.00759287766091442 1.53487099478101e-07 0.000288400343055953 0.0668238919880213 4.36991360906047e-06 0.202345657631723 1.50285383896041e-07
"GTEX.145LS.0011.R3a.SM.5S2VJ" 0.655780254066666 0.00596668448478783 0.0234202159699461 0.0498027662652704 0.0778247935109 0.000609666684360622 0.186595618888622 1.29447536254662e-10
"GTEX.145LU.0011.R3a.SM.5P9K2" 0.660963836791601 0.00802252650379873 9.45160486336415e-06 2.32953170236675e-05 0.0607684351447319 1.19077701323937e-05 0.270200458420133 8.84477157755147e-08
"GTEX.145MG.0011.R3b.SM.5SI67" 0.659272899536609 0.00713266115275778 3.13435359906596e-05 1.52211644941682e-05 0.0435722260347219 1.05221067475393e-09 0.289967777289044 7.87023417136552e-06
"GTEX.145MH.0011.R3b.SM.5P9JQ" 0.721101160960852 0.00527528621265844 1.97174271301023e-06 2.23914834002449e-05 0.0363019018780932 5.81410800198751e-07 0.237296195484594 5.10826888353399e-07
"GTEX.1477Z.0011.R3b.SM.5PNX9" 0.351553609092049 0.00430606747248965 1.95065460708696e-05 7.94244348457118e-08 0.151528441626697 0.00101609935281915 0.323829373212489 0.16774682327295
"GTEX.14BIM.0011.R3b.SM.5S2RL" 0.491002932462109 0.00698110937866877 8.72413826364094e-06 0.270913023232397 0.0539265202824522 4.56364962810913e-06 0.177163099411816 2.74446647595592e-08
"GTEX.N7MS.0011.R3a.SM.33HC6" 0.325388871156875 0.00483598644218189 0.0731886401368584 1.24503289885424e-07 0.0143526558213831 2.13867485003095e-07 0.582233505051655 3.02027186549163e-09
"GTEX.NL3H.0011.R3a.SM.2I3GL" 0.641868692389241 0.00420268065781527 4.56175120106508e-06 0.291827246564096 0.0215566152580716 1.7030701912265e-06 0.0405361782885113 2.3220208729137e-06
"GTEX.NPJ8.0011.R3a.SM.2HMIW" 0.579708993896071 0.00404816235069781 0.000256826906513137 0.0311664838347368 0.246412538577089 0.00748468545345285 0.130922306310282 2.67115716495432e-09
"GTEX.P44H.0011.R3A.SM.5SI8A" 0.435983515103385 0.0067900667912756 0.0676597394603144 0.00724239086361386 0.102871728285243 4.5025325913436e-06 0.379448043760725 1.32028515021405e-08
"GTEX.PVOW.0011.R3A.SM.32PKX" 0.568552678564228 0.00554274457545122 0.021190967610096 4.70813856961127e-06 0.0291186692231828 3.24464429789758e-07 0.375589892760806 1.46632360964887e-08
"GTEX.PWO3.0011.R3A.SM.2I5EX" 0.609636177886386 0.00429110607701893 2.42344465249553e-09 0.0452928396051436 0.128817746178456 0.00399600857695604 0.207965979750666 1.39501929202045e-07
"GTEX.Q2AG.0011.R3A.SM.2HMJ9" 0.766309261758799 0.00409066360964942 2.62096209720405e-06 2.80863808931227e-06 5.85106502686506e-06 9.01254029963589e-07 0.229587250265573 6.42446735831288e-07
"GTEX.QDT8.0011.R3A.SM.32PKR" 0.672780887875856 0.00455771218880528 1.78554210216629e-07 2.49475811892537e-06 0.0548014772487033 1.4177144003466e-07 0.267857097041001 1.05618654422769e-08
"GTEX.QVUS.0011.R3A.SM.3GAFD" 0.76868012020481 0.00425167670989388 0.000770569397387538 0.00881001548618202 0.0129535857690146 2.15941346189247e-08 0.204534006767077 4.07150058233946e-09
"GTEX.RNOR.0011.R3A.SM.5SI8E" 0.670643716442537 0.00415224970675187 6.29616518997917e-05 0.000967703908683594 0.00652788947294803 2.89184213631934e-05 0.317594544060861 2.20163349550487e-05
"GTEX.RVPU.0011.R3A.SM.2XCAE" 0.471651737778052 0.00669052479934445 2.21888725700751e-07 0.00318616144509321 0.110992564294855 0.000807371102940149 0.406671343627296 7.50636926054694e-08
"GTEX.RVPV.0011.R3A.SM.2TF63" 0.841730589231253 0.00634113425603736 1.41561222514406e-06 5.91452297397215e-06 0.0469609829989493 0.00029943903207679 0.104660520453481 3.8930042131822e-09
"GTEX.T2IS.0011.R3A.SM.32QPB" 0.892759675624306 0.00399108472514276 8.98464880101656e-09 3.06788848792606e-06 0.000345673338918762 2.08610539476054e-08 0.102900466807457 1.7699852519581e-09
"GTEX.UTHO.0011.R3A.SM.3GIK8" 0.199432387419512 0.00341807996283605 0.142348508174193 4.75357857956849e-05 0.0597109999642367 0.00110857205498251 0.593930711007264 3.20563117967319e-06
"GTEX.WHSE.0011.R3A.SM.3P5ZM" 0.105495049504515 0.00529115220585139 0.000347908885100268 0.487198962615281 0.0619054814872275 0.00479545931942924 0.334965969741792 1.62408040173734e-08
"GTEX.WL46.0011.R3A.SM.3TW8E" 0.863422476143873 0.00540848067949631 0.00015910484250052 7.28710509118703e-06 0.0486027829990929 5.36581184611404e-06 0.082394467506169 3.49119313427336e-08
"GTEX.WZTO.0011.R3B.SM.3NMC6" 0.0758230720528371 0.0058121024951769 0.160077834272567 0.0348286564778528 0.0374712511573959 1.5505489039246e-05 0.685971554038347 2.40167844315172e-08
"GTEX.X4XX.0011.R3B.SM.46MWK" 0.80150981667766 0.00570304901304864 2.17416212729125e-07 8.71676935883752e-08 0.045296408956421 0.000228197218772979 0.147262177818257 4.57319335403187e-08
"GTEX.X585.0011.R3B.SM.46MVG" 0.634364901119997 0.00542682974636923 0.0754697602640946 2.24182594166139e-06 0.101649691789151 0.00119901352734294 0.181887470306908 9.14201957056327e-08
"GTEX.XLM4.0011.R3B.SM.4AT6E" 0.322555489141524 0.0053104384454947 8.10626025589168e-06 0.246170584969019 0.0440667087147066 5.23346158495108e-06 0.381882551835637 8.87171778066649e-07
"GTEX.XMD1.0011.R3B.SM.4AT5R" 0.600002811822892 0.00373143610953769 2.13576020015869e-08 4.67298308803109e-07 0.214689915245702 0.00352234085275761 0.178030543773248 2.24635399516392e-05
"GTEX.XOTO.0011.R3A.SM.4B64W" 0.896003120162214 0.00623684735017436 1.24297175479996e-07 0.000160671440635524 0.0267241459390905 6.5797067508395e-06 0.0708683733847802 1.37719178816093e-07
"GTEX.Y8DK.0011.R3A.SM.4RTW5" 0.780944909207432 0.00612594146345512 2.76687878582056e-06 0.0031682030810994 0.00350801611568299 1.95291429244173e-07 0.206249966921559 1.04055608875356e-09
"GTEX.YFC4.0011.R3a.SM.4RGLP" 0.348149313570515 0.00528858046847687 0.000700888904590741 0.400166581330901 0.00325733623390721 2.73630171107977e-05 0.242408268820345 1.66765415393519e-06
"GTEX.YJ89.0011.R3b.SM.4V6EF" 0.835015611697274 0.0057697407229014 0.0328965252142802 0.000464022338297536 0.0028705179606311 3.56976132918749e-06 0.122980010977527 1.32775961868438e-09
"GTEX.Z93S.0011.R3b.SM.4RGNH" 0.757503775552547 0.0038920733390436 1.33317753225643e-06 1.94871771475536e-06 1.22243521360933e-06 3.30726555872529e-09 0.238599572855193 7.06154900250951e-08
"GTEX.ZAB4.0011.R3a.SM.4RGNQ" 0.179393786060592 0.00384355371137942 0.062236057940208 0.314336865940824 0.0559617959049491 2.46779029440128e-09 0.384227927093551 1.08807062135859e-08
"GTEX.ZF28.0011.R3a.SM.4WWDA" 0.529957938162321 0.0071945838769257 0.00140174612356343 0.111119754667553 0.155539665596245 5.05216442963314e-05 0.194735768487712 2.1441384092836e-08
"GTEX.ZUA1.0011.R3a.SM.4YCEE" 0.476138968740016 0.00734055246121506 0.0323565364110236 0.113648151308035 0.0784447748140239 1.44425647963172e-05 0.292056558596054 1.51048371481355e-08
"GTEX.ZVT3.0011.R3b.SM.51MTJ" 0.641852546781193 0.0085915773149083 7.34362710875975e-05 0.0131165468919244 0.0963947298728844 0.000154517722595278 0.239816645010462 1.34944637312194e-10
"GTEX.ZVZQ.0011.R3a.SM.57WC7" 0.743075778504406 0.00612249246742117 0.000283912051781216 0.00335288801153758 0.057305566141807 0.000297441285113805 0.189529037947096 3.28835908373661e-05
"GTEX.11GSP.0011.R5a.SM.57WBE" 0.330853562433141 0.00763695285927847 0.178930293310996 1.08561107607772e-06 0.0590604926041747 0.00137961891644378 0.422137980952863 1.33120273820088e-08
"GTEX.11H98.0011.R5b.SM.57WCF" 0.362862181352725 0.00498084459018352 8.09853050782946e-05 0.215136420144637 0.174130308337033 0.00221663193231462 0.240546171561107 4.64567769200438e-05
"GTEX.11NV4.0011.R5a.SM.5NQ88" 0.21194675046641 0.00746018919629121 3.86503287093583e-07 0.321052758059186 0.0758567548163969 0.00173582817106193 0.381947232679407 1.00107960026598e-07
"GTEX.11OF3.0011.R5a.SM.57WB4" 0.575655174378354 0.00620069002040902 0.13075664658629 7.84971799870137e-06 0.0187041848469188 0.00137900664046981 0.267296419267847 2.85417120981545e-08
"GTEX.11UD1.0011.R5b.SM.5P9FP" 0.252043842050943 0.00452596337170004 1.99574100590079e-08 2.78341629580578e-06 0.301675241790999 0.00112219629048528 0.252295969947709 0.188333983174457
"GTEX.11WQC.0011.R5a.SM.5BC74" 0.58362869658491 0.00664694786591936 5.58142204001322e-05 0.000116263582107866 0.102052771224957 0.00410370999657566 0.303386246794899 9.54973023182048e-06
"GTEX.12WSA.0011.R5b.SM.5GU5I" 0.602977888140656 0.0023915178292516 1.17684448613433e-06 2.35988509935113e-06 0.0401616276292961 0.0028891824858496 0.186234695784696 0.165341551400665
"GTEX.12WSB.0011.R5b.SM.5GU67" 0.35587185632628 0.00432351984558757 0.060633777861838 0.0349082776428284 0.0851949697777721 0.00788075726370784 0.451186831778219 9.50376745783737e-09
"GTEX.12WSC.0011.R5b.SM.5CVNS" 0.740817916137186 0.0071286684994274 0.000208581909755903 0.0362736028463021 0.0213539059179592 0.00169323495610825 0.192524033036488 5.66967734748993e-08
"GTEX.12WSD.0011.R5b.SM.5CVNG" 0.649962270178979 0.00735654876992916 4.21353802630529e-06 0.0690439269876696 0.0783945455778248 0.00109419988708366 0.194144276947715 1.81127722643134e-08
"GTEX.12WSF.0011.R5a.SM.5HL8K" 0.664629383127357 0.0109374744315095 8.90592136677974e-06 1.78361435866016e-05 0.106445345858766 0.00459456106716214 0.213366487410628 6.03962444906161e-09
"GTEX.12WSH.0011.R5b.SM.5P9F3" 0.77098852978279 0.00533311802460967 1.11453915963007e-05 1.10751596138335e-05 0.0834398037410975 0.00366919726811471 0.136541458530915 5.6721012628288e-06
"GTEX.12WSM.0011.R5a.SM.5EQ4Y" 0.623629344742831 0.00426587366929964 0.000859651810006793 3.06131533048278e-06 0.00269983296222429 0.00499705251999297 0.36354474807005 4.34910265181806e-07
"GTEX.12ZZW.0011.R5a.SM.5DUVN" 0.665779856571574 0.00763765195240321 0.000453027903744391 0.00071608501925327 0.0958427568497452 0.00272127959585198 0.226849312159001 2.99484265518313e-08
"GTEX.12ZZX.0011.R5a.SM.5HL89" 0.522598048513036 0.00869273114988475 0.000174846741023569 0.0550801857077154 0.12701718002938 0.00293181463244349 0.283505138874103 5.43524144066906e-08
"GTEX.12ZZY.0011.R5a.SM.5EGL9" 0.42510351455689 0.00596081247701492 0.00288503974668703 0.0812470006788717 0.0562261681220656 0.00198897125090078 0.426588475015303 1.81522671110584e-08
"GTEX.12ZZZ.0011.R5a.SM.5EQ4M" 0.66808485084474 0.00626898247265495 2.88525374085568e-07 0.089772552942863 0.107485304896812 0.00194450727524648 0.126443230030389 2.83011920235482e-07
"GTEX.13112.0011.R5b.SM.5DUV8" 0.588977817626288 0.00666433305853606 1.33258698721487e-06 0.0269577972826864 0.160542056095149 0.00432670681247182 0.212529794435793 1.62102089129163e-07
"GTEX.1313W.0011.R5b.SM.5L3EP" 0.380754031204837 0.00653827870812739 0.215881135320174 2.12855164258797e-05 0.073228988467331 0.00136989538321771 0.32220638380671 1.59317702355115e-09
"GTEX.131YS.0011.R5b.SM.5K7YB" 0.313385606604928 0.00602289252669981 0.178484864568413 2.02872695107061e-05 0.0458855538984211 0.0013381845487685 0.454859204703055 3.40588020390743e-06
"GTEX.132Q8.0011.R5a.SM.5IJDM" 0.110194208246661 0.00875459802328285 0.000143440724856082 0.445571564247219 0.177170924083911 0.00653850755659933 0.251574031421356 5.27256961151199e-05
"GTEX.1399T.0011.R5b.SM.5IJDK" 0.156088076548753 0.00942106475115157 0.119142940729265 0.161958701937044 0.103037441291112 0.00226994124660826 0.448081819593255 1.39028108808235e-08
"GTEX.139T8.0011.R5b.SM.5J1MO" 0.300638536284675 0.00451823398635622 3.36614331887969e-08 2.45610648347883e-06 0.242929897264299 0.0026077550352603 0.187966287578951 0.261336800082542
"GTEX.139TS.0011.R5b.SM.5J2MZ" 0.434746290831067 0.00691609475750777 1.00555465023811e-07 0.0508316048383093 0.153911372053189 0.00594261821778069 0.242721869847307 0.104930048899375
"GTEX.139TT.0011.R5b.SM.5K7W8" 0.651144511465553 0.00249310525577635 2.35751822660625e-05 6.5710397456242e-07 8.67604484517583e-07 0.00144995093105877 0.344887099567658 2.32889228461072e-07
"GTEX.13CF2.0011.R5a.SM.5LZWS" 0.518626934157339 0.00541706162993203 5.52345096101491e-08 1.67239712818285e-06 0.174708032320956 0.00354325187100541 0.203662575618447 0.0940404167706836
"GTEX.13CIG.0011.R5b.SM.5L3F2" 0.70958336430155 0.0070085739397444 1.90903126348729e-07 0.000407693319184186 0.0555227139814285 0.00318637333324736 0.224291080148605 1.00731141531095e-08
"GTEX.13CZV.0011.R5a.SM.5K7XA" 0.698808903121421 0.00716237629019129 0.00262641170724655 0.113924621715211 0.0671878414445543 0.00391277772965985 0.106377067029823 9.61893459419263e-10
"GTEX.13FHO.0011.R5b.SM.5LZZ3" 0.567478186467128 0.00730272489845416 1.3461111121491e-06 4.35630277907117e-06 0.16788624476925 0.000968500490531523 0.256358637439018 3.52172623483354e-09
"GTEX.13FHP.0011.R5b.SM.5LZY2" 0.412032869427142 0.00754071207391961 1.89625581754919e-08 0.0822522638453322 0.214674718034625 0.00362167992794208 0.178657372885252 0.101220364843229
"GTEX.13FLV.0011.R5a.SM.5LZWT" 0.53305098627306 0.00812990469446362 5.07493160362964e-07 0.130129636058132 0.108669783359356 0.0035188916991775 0.216500280450406 9.97224474735526e-09
"GTEX.13FLW.0011.R5a.SM.5LZX6" 0.460521856917518 0.00851628986110083 5.09520834085999e-07 0.191789574088486 0.12451210215284 0.00188237830600078 0.21277722821251 6.09407091219715e-08
"GTEX.13FXS.0011.R5b.SM.5LZYE" 0.55248277259102 0.00847674226427681 1.10963847909779e-06 0.062039256674935 0.0855410148450441 0.00142817359230046 0.290030929798183 5.95761962633826e-10
"GTEX.13G51.0011.R5a.SM.5L3EB" 0.379994668420175 0.00956454664379356 1.01956866314177e-05 0.201143900104687 0.0270826558222913 0.00198570905451153 0.380218136570765 1.87697145069957e-07
"GTEX.13JUV.0011.R5a.SM.5LZY5" 0.738435783620313 0.00711602743597863 5.62343341586566e-09 4.83118800518393e-07 0.0919695147043849 0.00552321684587078 0.15695496554674 3.10447874686678e-09
"GTEX.13JVG.0011.R5a.SM.5MR4O" 0.644404556327326 0.00621733119879266 4.12047902181749e-06 0.00144438362336213 0.143900451582085 0.00120204991066793 0.202827091987527 1.48912186724652e-08
"GTEX.13N1W.0011.R5b.SM.5MR5Q" 0.623373069342798 0.00968200291063863 0.000831069651875925 0.00336666982682835 0.0555713121031218 0.00875151728882098 0.298424342289687 1.65862292561431e-08
"GTEX.13NYB.0011.R5a.SM.5MR45" 0.689559128864298 0.00849199808591632 2.56315848094925e-05 0.0187933080780717 0.161529542477516 0.00202864899624832 0.119555107498098 1.66344150416196e-05
"GTEX.13NYS.0011.R5a.SM.5MR4D" 0.512607114268143 0.00733879562296282 2.7482518956277e-08 0.0997752087214725 0.139003159296005 0.00216012792941274 0.239115558102155 8.57732991099806e-09
"GTEX.13NZA.0011.R5b.SM.5KM4K" 0.33343662208073 0.00589352625149625 1.04073996071014e-07 0.0394562080404046 0.379130739715698 0.00438114526056947 0.237668577541631 3.30770354746064e-05
"GTEX.13O3O.0011.R5b.SM.5KM44" 0.717237946391203 0.00717894129299854 3.34452790265411e-05 0.000112067439055062 0.0729215843696305 0.00139707045961841 0.201118912816011 3.19524570331295e-08
"GTEX.13O3Q.0011.R5b.SM.5P9H4" 0.157021856887724 0.00812000901900349 0.258048945931657 0.0628369240648893 0.0922761049929674 0.00125088063120122 0.420445263133267 1.53392902934707e-08
"GTEX.13OVH.0011.R5b.SM.5KM4L" 0.640337580186873 0.00845097053536326 4.71961968844792e-06 0.0724834439697395 0.147597763544261 0.00398619600855659 0.127139247497676 7.86378429328269e-08
"GTEX.13OVJ.0011.R5a.SM.5P9H7" 0.29281990568973 0.00583964812501008 5.54862623869422e-08 4.77342505221977e-06 0.374480590655235 0.0028607182762947 0.21724876361158 0.106745544730835
"GTEX.13OVL.0011.R5b.SM.5L3FU" 0.704452340752855 0.00781996483404307 6.29415109905067e-06 0.000973484647103024 0.0872931226713947 0.00169614546303123 0.197758583525079 6.39553944876113e-08
"GTEX.13OW5.0011.R5b.SM.5L3FR" 0.553033052631486 0.00772598616748228 8.34570754046523e-05 0.02420583517838 0.110548410753165 0.00642540400810433 0.297977794713209 5.94727690295365e-08
"GTEX.13OW6.0011.R5a.SM.5O9BK" 0.4407276961552 0.0083377199149624 0.0847523501458456 0.23595925542335 0.0921257089015718 0.00175459751551122 0.136342662406483 9.53707669768657e-09
"GTEX.13OW7.0011.R5b.SM.5O9DM" 0.407415552623031 0.00758846778984448 7.36740332485066e-06 0.264854570836271 0.0906284520827302 0.00202606389946236 0.227476518627343 3.00673799378663e-06
"GTEX.13OW8.0011.R5b.SM.5L3FQ" 0.318331029090832 0.00839790552349434 0.155206369441043 5.25668758304065e-07 0.10718454410046 0.000845716633689527 0.41003390941289 1.28834012171233e-10
"GTEX.13PLJ.0011.R5a.SM.5O9BG" 0.460021768017377 0.00683640808889519 4.5767717919719e-07 0.0924316245913659 0.205638670337615 0.00565310207379728 0.229417883754091 8.54596790843711e-08
"GTEX.13PVQ.0011.R5b.SM.5O9DI" 0.564050734519747 0.00660685713520434 9.06032805850814e-07 0.0386958972572695 0.167555040996539 0.00499736948733237 0.184401439618295 0.0336917549528062
"GTEX.13RTJ.0011.R5a.SM.5P9HR" 0.730458902879516 0.00852954148398777 0.00117819756607578 0.00577958612096761 0.133353733622981 0.00298045572019253 0.117719404729722 1.77876557412197e-07
"GTEX.13S7M.0011.R5b.SM.5P9HS" 0.496622252509106 0.0112015597898188 0.0032892037940774 0.0155851434340448 0.134856540395471 0.000604954991378725 0.337840326150474 1.8935628254777e-08
"GTEX.13SLW.0011.R5b.SM.5SI6Z" 0.120369122258542 0.00602712745713523 5.77325297673555e-07 0.217680692375515 0.31151950807347 0.00279338867090109 0.341609583304984 5.34154334504789e-10
"GTEX.13SLX.0011.R5a.SM.5O9BV" 0.712409282562406 0.00791757054840095 1.96092497358154e-05 0.00928920062409459 0.0654807054238489 0.00147788869300355 0.203400405073856 5.33782465422634e-06
"GTEX.13VXU.0011.R5a.SM.5O9D7" 0.577853619419313 0.00806118329194855 6.4244089819686e-06 0.0380168485690513 0.0529832877556926 0.0018301049633764 0.321248530566756 1.02488026477421e-09
"GTEX.13X6I.0011.R5a.SM.5PNWW" 0.47230150946669 0.00603493199859974 1.88573134519705e-05 3.89699181913002e-05 0.275795294359103 0.00458311152734156 0.241222525252729 4.8001638931594e-06
"GTEX.13X6J.0011.R5b.SM.5PNWT" 0.518647312152378 0.00662876551191561 1.26219620535225e-06 0.216408099282663 0.0482083805011058 0.00168312182540578 0.208423051123322 7.40700489755643e-09
